1.180476969089352401e+00
-5.263162574136546201e-01
-8.439891812583702468e-02
2.758356856136621182e-01
-4.318290591772387943e-01
1.857564050710509146e-02
-3.248102444912108755e-01
1.143703888974606786e-01
-4.069112987490566269e-01
8.784147701946012562e-03
-8.544271284560799318e-01
4.044861218949392656e-01
4.901926110988000240e-02
1.864512001653349793e-01
-6.369945975537003591e-01
4.131135743087809842e-01
-5.119827475485693169e-01
7.074058718849827176e-01
-3.164670270337850422e-01
-6.650930883413437578e-02
3.977872334061812731e-01
-4.979109733736621357e-01
1.026132334110128191e-01
-9.374995550940012912e-02
1.595230174569470805e-01
-5.971970375260353681e-01
3.451765432966874547e-01
8.590911899516607830e-01
-6.033327429638520867e-01
-2.058210527455227312e-01
-1.170500197102958134e-01
-2.786565812124371933e-01
5.769644492362616811e-02
-5.151856623378981981e-01
5.212739202369894853e-01
-3.875565011992628817e-01
-4.534095890799120232e-01
-1.568119491206526606e-01
-8.209075467081252686e-01
-5.250703905976911168e-02
1.065646601577836250e-01
8.723337277111562482e-01
3.612221358956766992e-01
-8.523773970527747101e-01
-1.707704152290104305e-01
-8.015275348571840319e-03
-2.865299939105181090e-02
8.508777646351268764e-01
2.338509891291925148e-03
-3.687738494318475446e-01
5.210506047911787203e-02
-9.884246416609527436e-03
-2.092997160655735989e-01
1.019094970473520961e-01
-1.137356653412309321e-01
1.051922622093913601e-01
1.698007648255192015e-01
-3.209224689837789080e-01
-3.810842456686555080e-01
-6.593896655557721642e-01
1.035322157587201392e-01
-1.236858288231347802e-01
6.817964508313549554e-02
1.945899185814370380e-01
