2.191880203167185029e-02
1.609358804110354868e-01
-3.039549428762180483e-01
1.688763942074690896e-02
-1.605403038826752338e-01
2.544661258526407788e-01
-3.312354838574489979e-01
9.770184514329724457e-02
-1.227621758366783181e-02
-1.493652791637949118e-01
9.216661633468009943e-03
1.960534376717967819e-01
-1.478351733094153131e-01
-3.164376476907868052e-01
-2.673159815451334187e-01
2.063298873040281534e-01
-1.189949895855831052e-01
-2.726174543987288090e-01
1.000131346629945690e-02
2.471966448640847414e-01
-1.219603809071473366e-01
4.164923054731718421e-01
2.655638859092059878e-01
1.786307752375344837e-02
1.071084010013930443e-01
-1.888471387357600062e-01
-3.815033115233016359e-01
3.387637562348317505e-02
-1.636086196639361667e-01
-2.359392641764143927e-01
-1.208151946817459695e-02
6.649638995796558483e-02
1.179437366277582971e-01
-1.024256690264293973e-01
-2.040403218031351662e-01
-3.201087809530211992e-02
5.492038657113132438e-02
-2.825180891560145902e-02
-1.942987148818725307e-01
2.694331418064468964e-01
2.878677840487136805e-02
1.920072453260792122e-01
-1.983042457139398140e-01
-1.690762069315869531e-01
-7.120720644856413095e-01
6.175431285207512444e-02
-2.165929831150583129e-01
1.011058336622902842e-01
3.554562296629645846e-01
-2.607191108965138948e-01
2.865152476466462789e-02
-3.371036689643971962e-01
-5.063297817063762141e-01
-3.442090311327140190e-02
1.527964589158637143e-01
-6.521728877878218977e-02
5.463716290720071339e-02
-2.973220142652580056e-01
5.081464670499624692e-01
2.220184972999880157e-01
2.945136098390064849e-01
1.518281672299670315e-01
-3.233610038942600906e-01
-2.494294020514924159e-01
