,epoch,train_time,train_loss,train_acc,valid_time,valid_loss,valid_acc,total time
0,1,9.452761608999936,2.0910354201326666,0.2874315399484536,1.083436225000014,2.2944142578125,0.1017,9.518874045000075
1,2,9.446767791999946,1.5644395277672207,0.6233690399484536,1.0928051900000355,2.08539453125,0.2956,18.96564183700002
2,3,9.542910691000088,1.3511457836505063,0.7522752899484536,1.1004177079998954,1.494480224609375,0.7006,28.50855252800011
3,4,9.672084607999977,1.2620338754555613,0.8029357280927835,1.1181613610001477,1.20547080078125,0.8408,38.18063713600009
4,5,9.866891806000012,1.216646105972762,0.8281048646907216,1.1362308430000212,1.12686640625,0.8818,48.0475289420001
5,6,9.877615827999989,1.1874612827890927,0.8418170103092784,1.1543240949999927,1.095113037109375,0.8981,57.92514477000009
6,7,10.094015231999947,1.1649390053503292,0.8537169780927835,1.1771318880000763,1.072637646484375,0.9042,68.01916000200004
7,8,10.28834518099984,1.1522606721858388,0.8588313466494846,1.2041290680001566,1.05815615234375,0.9107,78.30750518299988
8,9,10.282050274999847,1.1435521607546462,0.8645095038659794,1.177860874000089,1.045396484375,0.9161,88.58955545799972
9,10,10.117969356999993,1.1333083614860613,0.8690198131443299,1.164907195000069,1.03584169921875,0.9211,98.70752481499972
10,11,9.986630302999856,1.1365071424503916,0.8672479059278351,1.1551452960000006,1.031066552734375,0.9247,108.69415511799957
11,12,9.921052562000114,1.137238217383316,0.8670465528350515,1.15439989399988,1.026297119140625,0.9259,118.61520767999968
12,13,10.011575311000115,1.1395363561885874,0.8650934278350515,1.1606823820000045,1.024426953125,0.9251,128.6267829909998
13,14,10.113713945999734,1.1396477001229512,0.8650531572164949,1.1789223170003424,1.025118798828125,0.9233,138.74049693699953
14,15,10.279580084999907,1.1435067186650543,0.8644692332474226,1.217436551999981,1.025492578125,0.9249,149.02007702199944
15,16,10.439768731000186,1.1470808048838192,0.8610462306701031,1.2074447589998272,1.026506591796875,0.9243,159.45984575299963
16,17,10.295038579999982,1.1553921552048516,0.8569386275773195,1.187785047000034,1.0279087890625,0.9241,169.7548843329996
17,18,10.216134681999847,1.1566418225003272,0.8590931056701031,1.1828271330000462,1.028519775390625,0.9268,179.97101901499946
18,19,10.174145166000017,1.1596149365926527,0.8553278028350515,1.1758777079999163,1.0296595703125,0.9252,190.14516418099947
19,20,10.180688288000056,1.1622285351310808,0.8548646907216495,1.1834137900000314,1.02879296875,0.9256,200.32585246899953
20,21,10.217494793000242,1.1596516678013753,0.8539787371134021,1.1855930159999843,1.026695751953125,0.9263,210.54334726199977
21,22,10.23905326799968,1.1595548256156372,0.8545626610824743,1.1877248290002171,1.0258439453125,0.9248,220.78240052999945
22,23,10.241855035999833,1.1545988751440932,0.8591333762886598,1.1920020299999123,1.024508544921875,0.9285,231.02425556599928
23,24,10.247079613000096,1.1506106681430464,0.860925418814433,1.1927005190000273,1.02288837890625,0.9287,241.27133517899938
24,25,10.257332614000006,1.147836105110719,0.8617106958762887,1.1903557300001921,1.0248142578125,0.9271,251.52866779299939
25,26,10.252103432999775,1.1439387724571621,0.8630194909793815,1.1927752060000785,1.023335205078125,0.9269,261.78077122599916
26,27,10.251287882999804,1.1409029911473854,0.8657578930412371,1.1849766800000907,1.01992587890625,0.9285,272.03205910899896
27,28,10.254845580000165,1.1427525687463505,0.8638651739690721,1.1933466919999773,1.019103271484375,0.9298,282.28690468899913
28,29,10.249372702000073,1.1390705895178097,0.8666237113402062,1.1855004469998676,1.018504931640625,0.9297,292.5362773909992
29,30,10.24146203600003,1.136294532067997,0.8683150773195877,1.1865184140001475,1.016493798828125,0.9328,302.77773942699923
30,31,10.234298983999906,1.1305588791050862,0.8695231958762887,1.1833139679997657,1.016616357421875,0.9328,313.01203841099914
31,32,10.225579914000264,1.1307742325301022,0.8691607603092784,1.1863329809998504,1.016702392578125,0.93,323.2376183249994
32,33,10.21979826300003,1.126554095867983,0.8731274162371134,1.1839437889998408,1.0138267578125,0.9326,333.45741658799943
33,34,10.206411229999958,1.123092376079756,0.8750805412371134,1.1832434710004236,1.01325458984375,0.9332,343.6638278179994
34,35,10.202720679999857,1.121192489702677,0.8763893363402062,1.1817423039997266,1.01142744140625,0.9331,353.86654849799925
35,36,10.193943166000281,1.1210240137945746,0.8765906894329897,1.1810927000001357,1.01138681640625,0.9332,364.0604916639995
36,37,10.193317494999974,1.1173613735080994,0.8779397551546392,1.186669879999954,1.012869970703125,0.9349,374.2538091589995
37,38,10.202527760000066,1.117177904266672,0.8781813788659794,1.185853546999624,1.0119435546875,0.9342,384.45633691899957
38,39,10.217307820000315,1.1135641668260712,0.8795707152061856,1.1879839260000153,1.010238818359375,0.9349,394.6736447389999
39,40,10.226703403999636,1.1091588207126892,0.8827319587628866,1.1875858490002429,1.006399658203125,0.9357,404.9003481429995
40,41,10.23355662699987,1.108271628311,0.8818862757731959,1.189358208000158,1.00376259765625,0.9361,415.1339047699994
41,42,10.23840791199973,1.1023255770968408,0.8863563144329897,1.1875618600001872,0.999525927734375,0.9399,425.3723126819991
42,43,10.246444410000095,1.1011416346756453,0.8875040270618557,1.1889977420000832,1.00002724609375,0.9382,435.6187570919992
43,44,10.238495506999698,1.0996754833103455,0.8876651095360825,1.1863675490003516,1.001572119140625,0.9373,445.8572525989989
44,45,10.232690595999884,1.0957335835879611,0.8905847293814433,1.1876482799998485,0.997614892578125,0.9391,456.0899431949988
45,46,10.238160221000271,1.0951194566549713,0.8901014819587629,1.1912027359999229,0.997295361328125,0.9382,466.32810341599907
46,47,10.253751751999971,1.0908629328934187,0.8927593427835051,1.1893504770000618,0.99487333984375,0.9415,476.58185516799904
47,48,10.236052324999946,1.0898639344677483,0.8955984213917526,1.1862057059997824,0.993832470703125,0.9427,486.817907492999
48,49,10.23096456500025,1.0885467824247694,0.8930815077319587,1.181927321999865,0.993291015625,0.9413,497.04887205799923
49,50,10.223442499000157,1.0856307708111006,0.8936251610824743,1.1870114919997832,0.99484150390625,0.94,507.2723145569994
50,51,10.209302551999826,1.0797859073914204,0.8985985824742269,1.1822208350004075,0.99357529296875,0.9415,517.4816171089992
51,52,10.215163448999647,1.080332470923355,0.8973703286082474,1.1846395570000823,0.992099267578125,0.9414,527.6967805579989
52,53,10.221384588000092,1.0757231368232019,0.9004308956185567,1.1868356240001958,0.99172275390625,0.942,537.918165145999
53,54,10.222534131999964,1.0729067792597504,0.9018605025773195,1.1849743059997309,0.98876142578125,0.9431,548.1406992779989
54,55,10.213130868999997,1.0688743394674713,0.9042767396907216,1.1820788029999676,0.9870826171875,0.9441,558.3538301469989
55,56,10.226978330000293,1.068005827284351,0.9040351159793815,1.18722397800002,0.988910595703125,0.9434,568.5808084769992
56,57,10.221573952999734,1.0643708828798275,0.9075990657216495,1.1845571670000936,0.9853615234375,0.9431,578.8023824299989
57,58,10.216259837000052,1.0629046921877516,0.9081829896907216,1.187301646999913,0.984542236328125,0.9456,589.018642266999
58,59,10.233888619000027,1.0596656012780887,0.9090085373711341,1.1860569340001348,0.98477431640625,0.9446,599.252530885999
59,60,10.232296207999752,1.0563152942460836,0.9103576030927835,1.1897408980003092,0.983751123046875,0.9463,609.4848270939988
60,61,10.24304382199989,1.0510587495626862,0.9113442332474226,1.1888179929997023,0.98108310546875,0.947,619.7278709159987
61,62,10.236459350000132,1.0550954268150723,0.9111831507731959,1.189087703000041,0.981350146484375,0.946,629.9643302659988
62,63,10.23835586999985,1.0459883188463979,0.9162572487113402,1.1847766830001092,0.977888525390625,0.9476,640.2026861359986
63,64,10.210461239999859,1.0464582738188124,0.9159552190721649,1.1819919030003803,0.97767646484375,0.9481,650.4131473759985
64,65,10.177690902999984,1.038355876490013,0.9198010631443299,1.1818108029997347,0.976645703125,0.9469,660.5908382789985
65,66,10.19812692000005,1.034493220221136,0.923083118556701,1.1902503750002325,0.9757794921875,0.9483,670.7889651989985
66,67,10.225784650999685,1.036280651682431,0.9211098582474226,1.1849477640002988,0.97466767578125,0.949,681.0147498499982
67,68,10.239567587999773,1.0291775280667335,0.9253986791237113,1.1843959040002119,0.973793798828125,0.949,691.254317437998
68,69,10.237367323999933,1.023581121385712,0.9286404639175257,1.191885917000036,0.971674609375,0.9503,701.4916847619979
69,70,10.23741763399994,1.0218031381823354,0.9291438466494846,1.187479639999765,0.97149287109375,0.9505,711.7291023959979
70,71,10.2293504700001,1.0203465628869755,0.9302915592783505,1.1877340390001336,0.970161865234375,0.9498,721.958452865998
71,72,10.211444369999754,1.0147564779851854,0.9330903672680413,1.1818911780001145,0.9672162109375,0.9515,732.1698972359977
72,73,10.190339824000148,1.00906667021132,0.9361307989690721,1.1791443060001257,0.967493212890625,0.9512,742.3602370599979
73,74,10.198471030999826,1.0071169174823564,0.9366945876288659,1.1812454850000904,0.966020263671875,0.9531,752.5587080909977
74,75,10.189615683999818,1.00203568173438,0.9389698775773195,1.1799991190000583,0.965700830078125,0.9521,762.7483237749975
75,76,10.182997017000162,0.9975827502221176,0.9428157216494846,1.182403210999837,0.963957861328125,0.9546,772.9313207919977
76,77,10.186575162999816,0.9937986196930876,0.9443258698453608,1.1828215620002993,0.963656884765625,0.9532,783.1178959549975
77,78,10.20062492299985,0.9880442078580561,0.9466011597938144,1.1850755700002082,0.96240009765625,0.9539,793.3185208779973
78,79,10.209648891999677,0.9820261984756312,0.9504470038659794,1.182372072000362,0.96152548828125,0.9552,803.528169769997
79,80,10.207567405999725,0.975369915519793,0.9542525773195877,1.1796551420002288,0.96017958984375,0.9558,813.7357371759967
80,81,10.203699567000058,0.9728278130600133,0.9563869201030928,1.183162185999663,0.960003515625,0.9558,823.9394367429968
81,82,10.204809642000328,0.9688864639124919,0.9584407216494846,1.1882571249998364,0.95744521484375,0.9567,834.1442463849971
82,83,10.19097317800015,0.9627764790328508,0.9613804768041238,1.1782626149997668,0.956077490234375,0.9583,844.3352195629973
83,84,10.195369699999901,0.9560729351240335,0.9648236146907216,1.1788838970001052,0.955676220703125,0.9575,854.5305892629972
84,85,10.192277544000262,0.9531683479387736,0.9660317332474226,1.1790616419998514,0.955394140625,0.9579,864.7228668069974
85,86,10.181643598999926,0.9460079842007038,0.9700990657216495,1.1797233050001523,0.954638916015625,0.9568,874.9045104059974
86,87,10.190206814999783,0.9379854792172146,0.9745086984536082,1.180717807000292,0.953994677734375,0.9578,885.0947172209972
87,88,10.204512639999848,0.9314223810569527,0.9767437177835051,1.1834541600001103,0.952688916015625,0.9584,895.299229860997
88,89,10.221695590999843,0.9272297731379873,0.9800056378865979,1.1849283500000638,0.951955859375,0.9572,905.5209254519968
89,90,10.234404294999877,0.9260213989572427,0.9803680734536082,1.1866042120000202,0.95124609375,0.9587,915.7553297469967
90,91,10.239403621999827,0.9242144614150843,0.9807909149484536,1.1863018060003014,0.9506890625,0.9582,925.9947333689965
91,92,10.243944419999934,0.9241534754173043,0.9813144329896907,1.184735812999861,0.949268505859375,0.9596,936.2386777889965
92,93,10.254564950000258,0.9270631357566598,0.9789787371134021,1.1854530129999148,0.949299951171875,0.961,946.4932427389967
93,94,10.242373853000117,0.9287678728398588,0.9780927835051546,1.1874748059999547,0.950026953125,0.9595,956.7356165919969
94,95,10.242286348999642,0.9311592652625644,0.9771061533505154,1.1850739920000706,0.9495521484375,0.9595,966.9779029409965
95,96,10.2357945990002,0.9305914161131554,0.9776095360824743,1.1907761879997452,0.94915224609375,0.9594,977.2136975399967
